[app/ui]
version = 6.2.5
modtime = 1441563691.674067000

[app/launcher]
version = 6.2.5
modtime = 1441563691.676824000
